/*--------------------------------*- C++ -*----------------------------------*\
| =========                 |                                                 |
| \\      /  F ield         | foam-extend: Open Source CFD                    |
|  \\    /   O peration     | Version:     3.2                                |
|   \\  /    A nd           | Web:         http://www.foam-extend.org         |
|    \\/     M anipulation  | For copyright notice see file Copyright         |
\*---------------------------------------------------------------------------*/
FoamFile
{
    version     2.0;
    format      ascii;
    class       faceList;
    location    "constant/polyMesh";
    object      faces;
}
// * * * * * * * * * * * * * * * * * * * * * * * * * * * * * * * * * * * * * //


671
(
4(37 118 163 70)
4(118 38 69 163)
4(120 37 70 165)
4(36 120 165 71)
4(120 118 163 165)
4(121 117 162 166)
4(117 124 169 162)
4(121 166 169 124)
4(121 125 170 166)
4(125 117 162 170)
4(121 119 164 166)
4(119 125 170 164)
4(122 117 162 167)
4(122 167 170 125)
4(127 22 58 172)
4(23 127 172 59)
4(23 59 58 22)
4(121 129 174 166)
4(129 119 164 174)
4(21 130 175 57)
4(20 56 175 130)
4(20 21 57 56)
4(123 168 57 21)
4(123 130 175 168)
4(131 33 66 176)
4(32 131 176 67)
4(122 167 176 131)
4(122 33 66 167)
4(42 62 174 129)
4(43 129 174 63)
4(42 43 63 62)
4(131 126 171 176)
4(126 122 167 171)
4(22 123 168 58)
4(21 22 58 57)
4(123 168 172 127)
4(124 123 168 169)
4(127 124 169 172)
4(119 35 64 164)
4(34 119 164 65)
4(120 128 173 165)
4(118 163 173 128)
4(130 128 173 175)
4(120 130 175 165)
4(123 128 173 168)
4(126 171 173 128)
4(126 118 163 171)
4(124 169 177 132)
4(117 132 177 162)
4(123 132 177 168)
4(128 173 177 132)
4(3 133 178 9)
4(133 23 59 178)
4(3 9 59 23)
4(40 133 178 60)
4(3 40 60 9)
4(127 172 178 133)
4(2 8 179 134)
4(20 134 179 56)
4(2 20 56 8)
4(134 36 71 179)
4(130 134 179 175)
4(134 120 165 179)
4(135 40 60 180)
4(41 135 180 61)
4(41 61 60 40)
4(135 133 178 180)
4(135 180 172 127)
4(135 124 169 180)
4(135 121 166 180)
4(121 136 181 166)
4(136 129 174 181)
4(135 136 181 180)
4(42 62 181 136)
4(136 41 61 181)
4(42 62 61 41)
4(137 126 171 182)
4(131 137 182 176)
4(38 137 182 69)
4(137 39 68 182)
4(5 10 183 138)
4(35 138 183 64)
4(138 43 63 183)
4(5 10 63 43)
4(119 138 183 164)
4(4 139 184 11)
4(139 32 67 184)
4(39 139 184 68)
4(131 176 184 139)
4(122 140 185 167)
4(140 117 162 185)
4(140 126 171 185)
4(128 140 185 173)
4(140 132 177 185)
4(118 137 182 163)
4(137 139 184 182)
4(33 141 186 66)
4(141 34 65 186)
4(141 122 167 186)
4(125 141 186 170)
4(141 119 164 186)
4(138 129 174 183)
4(144 189 74 54)
4(144 55 75 189)
4(142 146 191 187)
4(146 150 195 191)
4(142 187 195 150)
4(151 196 187 142)
4(151 147 192 196)
4(147 142 187 192)
4(151 149 194 196)
4(151 196 190 145)
4(149 145 190 194)
4(152 197 62 42)
4(152 43 63 197)
4(153 146 191 198)
4(153 198 187 142)
4(44 79 199 154)
4(45 154 199 78)
4(148 193 195 150)
4(143 150 195 188)
4(148 143 188 193)
4(148 193 191 146)
4(151 196 195 150)
4(149 194 195 150)
4(145 190 199 154)
4(145 44 79 190)
4(154 199 77 46)
4(147 154 199 192)
4(46 147 192 77)
4(151 196 199 154)
4(143 188 82 49)
4(143 48 83 188)
4(155 200 192 147)
4(155 142 187 200)
4(144 155 200 189)
4(147 144 189 192)
4(152 146 191 197)
4(152 197 198 153)
4(156 150 195 201)
4(156 201 188 143)
4(149 194 201 156)
4(146 191 202 157)
4(152 157 202 197)
4(157 148 193 202)
4(157 202 62 42)
4(157 202 61 41)
4(148 193 61 41)
4(156 201 82 49)
4(50 156 201 81)
4(50 149 194 81)
4(155 153 198 200)
4(155 200 74 54)
4(155 200 73 53)
4(53 153 198 73)
4(51 80 194 149)
4(51 145 190 80)
4(145 158 203 190)
4(44 79 203 158)
4(51 80 203 158)
4(6 158 203 13)
4(7 159 204 12)
4(47 76 204 159)
4(55 75 204 159)
4(144 159 204 189)
4(160 5 10 205)
4(160 205 63 43)
4(52 72 205 160)
4(3 161 206 9)
4(40 60 206 161)
4(161 206 83 48)
4(53 73 205 160)
4(152 197 205 160)
4(153 160 205 198)
4(41 61 206 161)
4(143 188 206 161)
4(148 161 206 193)
4(159 46 77 204)
4(147 192 204 159)
4(21 101 212 57)
4(101 22 58 212)
4(21 98 209 57)
4(98 101 212 209)
4(97 208 58 22)
4(97 23 59 208)
4(20 98 209 56)
4(100 29 89 211)
4(30 100 211 90)
4(27 92 213 102)
4(26 102 213 93)
4(101 97 208 212)
4(96 207 212 101)
4(96 97 208 207)
4(101 212 214 103)
4(98 103 214 209)
4(103 96 207 214)
4(96 106 217 207)
4(106 97 208 217)
4(100 106 217 211)
4(96 100 211 207)
4(3 9 218 107)
4(23 107 218 59)
4(107 31 91 218)
4(2 108 219 8)
4(108 20 56 219)
4(27 108 219 92)
4(29 105 216 89)
4(28 88 216 105)
4(97 107 218 208)
4(100 105 216 211)
4(98 209 219 108)
4(108 102 213 219)
4(98 209 213 102)
4(31 106 217 91)
4(106 30 90 217)
4(106 217 218 107)
4(1 111 222 15)
4(111 19 87 222)
4(111 28 88 222)
4(105 111 222 216)
4(109 100 211 220)
4(109 220 207 96)
4(109 105 216 220)
4(103 109 220 214)
4(99 109 220 210)
4(103 99 210 214)
4(19 110 221 87)
4(110 18 86 221)
4(111 110 221 222)
4(105 110 221 216)
4(109 110 221 220)
4(18 112 223 86)
4(17 85 223 112)
4(112 223 221 110)
4(112 223 224 113)
4(112 104 215 223)
4(104 113 224 215)
4(99 210 225 114)
4(104 114 225 215)
4(99 104 215 210)
4(114 109 220 225)
4(113 224 85 17)
4(113 16 84 224)
4(110 221 225 114)
4(114 112 223 225)
4(24 115 226 95)
4(25 94 226 115)
4(115 113 224 226)
4(104 115 226 215)
4(24 113 224 95)
4(115 26 93 226)
4(115 102 213 226)
4(115 99 210 226)
4(102 213 210 99)
4(102 103 214 213)
4(113 116 227 224)
4(116 16 84 227)
4(116 24 95 227)
4(0 116 227 14)
3(37 38 118)
3(70 163 69)
3(36 37 120)
3(71 165 70)
3(37 118 120)
3(70 165 163)
3(121 124 117)
3(166 162 169)
3(121 117 125)
3(166 170 162)
3(121 125 119)
3(166 164 170)
3(122 125 117)
3(167 162 170)
3(23 22 127)
3(59 172 58)
3(121 119 129)
3(166 174 164)
3(20 130 21)
3(56 57 175)
3(123 21 130)
3(168 175 57)
3(32 33 131)
3(67 176 66)
3(122 131 33)
3(167 66 176)
3(42 129 43)
3(62 63 174)
3(131 122 126)
3(176 171 167)
3(21 123 22)
3(57 58 168)
3(123 127 22)
3(168 58 172)
3(127 123 124)
3(172 169 168)
3(34 35 119)
3(65 164 64)
3(118 128 120)
3(163 165 173)
3(120 128 130)
3(165 175 173)
3(130 128 123)
3(175 168 173)
3(126 128 118)
3(171 163 173)
3(124 132 117)
3(169 162 177)
3(128 132 123)
3(173 168 177)
3(124 123 132)
3(169 177 168)
3(3 23 133)
3(9 178 59)
3(3 133 40)
3(9 60 178)
3(127 133 23)
3(172 59 178)
3(2 134 20)
3(8 56 179)
3(2 36 134)
3(8 179 71)
3(130 20 134)
3(175 179 56)
3(36 120 134)
3(71 179 165)
3(134 120 130)
3(179 175 165)
3(41 40 135)
3(61 180 60)
3(40 133 135)
3(60 180 178)
3(135 127 124)
3(180 169 172)
3(133 127 135)
3(178 180 172)
3(124 121 135)
3(169 180 166)
3(121 129 136)
3(166 181 174)
3(121 136 135)
3(166 180 181)
3(42 136 129)
3(62 174 181)
3(42 41 136)
3(62 181 61)
3(136 41 135)
3(181 180 61)
3(131 126 137)
3(176 182 171)
3(38 39 137)
3(69 182 68)
3(5 138 35)
3(10 64 183)
3(5 43 138)
3(10 183 63)
3(119 35 138)
3(164 183 64)
3(4 32 139)
3(11 184 67)
3(4 139 39)
3(11 68 184)
3(131 139 32)
3(176 67 184)
3(122 117 140)
3(167 185 162)
3(128 126 140)
3(173 185 171)
3(122 140 126)
3(167 171 185)
3(117 132 140)
3(162 185 177)
3(140 132 128)
3(185 173 177)
3(38 137 118)
3(69 163 182)
3(137 126 118)
3(182 163 171)
3(39 139 137)
3(68 182 184)
3(139 131 137)
3(184 182 176)
3(33 34 141)
3(66 186 65)
3(125 122 141)
3(170 186 167)
3(33 141 122)
3(66 167 186)
3(34 119 141)
3(65 186 164)
3(141 119 125)
3(186 170 164)
3(43 129 138)
3(63 183 174)
3(138 129 119)
3(183 164 174)
3(144 54 55)
3(189 75 74)
3(142 150 146)
3(187 191 195)
3(151 142 147)
3(196 192 187)
3(151 145 149)
3(196 194 190)
3(152 42 43)
3(197 63 62)
3(153 142 146)
3(198 191 187)
3(44 154 45)
3(79 78 199)
3(148 150 143)
3(193 188 195)
3(148 146 150)
3(193 195 191)
3(151 150 142)
3(196 187 195)
3(149 150 151)
3(194 196 195)
3(145 154 44)
3(190 79 199)
3(154 46 45)
3(199 78 77)
3(46 154 147)
3(77 192 199)
3(151 154 145)
3(196 190 199)
3(147 154 151)
3(192 196 199)
3(143 49 48)
3(188 83 82)
3(155 147 142)
3(200 187 192)
3(147 155 144)
3(192 189 200)
3(152 153 146)
3(197 191 198)
3(156 143 150)
3(201 195 188)
3(149 156 150)
3(194 195 201)
3(146 157 152)
3(191 197 202)
3(157 146 148)
3(202 193 191)
3(157 42 152)
3(202 197 62)
3(157 41 42)
3(202 62 61)
3(148 41 157)
3(193 202 61)
3(156 49 143)
3(201 188 82)
3(49 156 50)
3(82 81 201)
3(156 149 50)
3(201 81 194)
3(142 153 155)
3(187 200 198)
3(155 54 144)
3(200 189 74)
3(155 53 54)
3(200 74 73)
3(53 155 153)
3(73 198 200)
3(51 149 145)
3(80 190 194)
3(149 51 50)
3(194 81 80)
3(44 158 145)
3(79 190 203)
3(51 158 6)
3(80 13 203)
3(158 51 145)
3(203 190 80)
3(158 44 6)
3(203 13 79)
3(47 159 7)
3(76 12 204)
3(55 159 144)
3(75 189 204)
3(159 55 7)
3(204 12 75)
3(160 43 5)
3(205 10 63)
3(52 160 5)
3(72 10 205)
3(40 161 3)
3(60 9 206)
3(161 48 3)
3(206 9 83)
3(53 160 52)
3(73 72 205)
3(152 160 153)
3(197 198 205)
3(160 152 43)
3(205 63 197)
3(53 153 160)
3(73 205 198)
3(41 161 40)
3(61 60 206)
3(143 161 148)
3(188 193 206)
3(161 143 48)
3(206 83 188)
3(41 148 161)
3(61 206 193)
3(159 47 46)
3(204 77 76)
3(147 159 46)
3(192 77 204)
3(159 147 144)
3(204 189 192)
3(21 22 101)
3(57 212 58)
3(21 101 98)
3(57 209 212)
3(97 22 23)
3(208 59 58)
3(21 98 20)
3(57 56 209)
3(30 29 100)
3(90 211 89)
3(27 102 26)
3(92 93 213)
3(22 97 101)
3(58 212 208)
3(96 101 97)
3(207 208 212)
3(101 103 98)
3(212 209 214)
3(101 96 103)
3(212 214 207)
3(96 97 106)
3(207 217 208)
3(96 106 100)
3(207 211 217)
3(3 107 23)
3(9 59 218)
3(3 31 107)
3(9 218 91)
3(2 20 108)
3(8 219 56)
3(2 108 27)
3(8 92 219)
3(28 105 29)
3(88 89 216)
3(23 107 97)
3(59 208 218)
3(100 29 105)
3(211 216 89)
3(98 108 20)
3(209 56 219)
3(98 102 108)
3(209 219 213)
3(27 108 102)
3(92 213 219)
3(31 30 106)
3(91 217 90)
3(106 107 31)
3(217 91 218)
3(107 106 97)
3(218 208 217)
3(100 106 30)
3(211 90 217)
3(1 19 111)
3(15 222 87)
3(105 28 111)
3(216 222 88)
3(1 111 28)
3(15 88 222)
3(109 96 100)
3(220 211 207)
3(100 105 109)
3(211 220 216)
3(96 109 103)
3(207 214 220)
3(103 109 99)
3(214 210 220)
3(19 18 110)
3(87 221 86)
3(19 110 111)
3(87 222 221)
3(111 110 105)
3(222 216 221)
3(109 105 110)
3(220 221 216)
3(17 112 18)
3(85 86 223)
3(112 110 18)
3(223 86 221)
3(112 113 104)
3(223 215 224)
3(99 114 104)
3(210 215 225)
3(99 109 114)
3(210 225 220)
3(113 17 16)
3(224 84 85)
3(113 112 17)
3(224 85 223)
3(110 114 109)
3(221 220 225)
3(110 112 114)
3(221 225 223)
3(104 114 112)
3(215 223 225)
3(25 115 24)
3(94 95 226)
3(104 113 115)
3(215 226 224)
3(115 113 24)
3(226 95 224)
3(25 26 115)
3(94 226 93)
3(115 26 102)
3(226 213 93)
3(102 99 115)
3(213 226 210)
3(115 99 104)
3(226 215 210)
3(102 98 103)
3(213 214 209)
3(102 103 99)
3(213 210 214)
3(113 16 116)
3(224 227 84)
3(0 24 116)
3(14 227 95)
3(113 116 24)
3(224 95 227)
3(0 116 16)
3(14 84 227)
4(32 67 66 33)
4(34 65 64 35)
4(5 35 64 10)
4(4 11 67 32)
4(33 66 65 34)
4(55 54 74 75)
4(54 53 73 74)
4(7 55 75 12)
4(52 5 10 72)
4(53 52 72 73)
4(37 70 69 38)
4(36 71 70 37)
4(2 8 71 36)
4(38 69 68 39)
4(4 39 68 11)
4(27 26 93 92)
4(2 27 92 8)
4(25 24 95 94)
4(25 94 93 26)
4(0 14 95 24)
4(44 45 78 79)
4(45 46 77 78)
4(6 44 79 13)
4(47 7 12 76)
4(46 47 76 77)
4(48 49 82 83)
4(49 50 81 82)
4(50 51 80 81)
4(51 6 13 80)
4(3 48 83 9)
4(30 90 89 29)
4(3 9 91 31)
4(28 29 89 88)
4(31 91 90 30)
4(1 28 88 15)
4(1 15 87 19)
4(19 87 86 18)
4(17 18 86 85)
4(16 17 85 84)
4(0 16 84 14)
)


// ************************************************************************* //
