/*--------------------------------*- C++ -*----------------------------------*\
| =========                 |                                                 |
| \\      /  F ield         | foam-extend: Open Source CFD                    |
|  \\    /   O peration     | Version:     3.2                                |
|   \\  /    A nd           | Web:         http://www.foam-extend.org         |
|    \\/     M anipulation  | For copyright notice see file Copyright         |
\*---------------------------------------------------------------------------*/
FoamFile
{
    version     2.0;
    format      ascii;
    class       labelList;
    note        "nPoints: 228 nAllPoints: 228 nInternalFaces: 259 nFaces: 671 nAllFaces: 671 nCells: 186";
    location    "constant/polyMesh";
    object      neighbour;
}
// * * * * * * * * * * * * * * * * * * * * * * * * * * * * * * * * * * * * * //


259
(
2
57
2
32
19
4
23
38
5
6
8
65
52
62
16
28
128
39
67
10
31
129
15
21
12
51
14
63
41
66
72
44
54
16
126
17
25
36
48
64
20
22
21
33
24
53
58
25
55
25
56
27
28
138
35
113
37
30
31
140
32
33
33
35
43
119
37
37
38
40
40
41
43
42
43
93
58
60
57
59
47
48
66
111
67
50
51
59
60
54
55
54
56
56
58
60
63
64
63
65
65
67
99
109
73
76
77
77
83
85
78
82
102
92
117
87
98
79
80
76
88
120
91
78
89
82
104
81
83
124
83
95
121
86
98
99
125
90
116
89
95
97
91
92
94
93
94
122
96
97
103
101
100
101
118
103
106
106
107
106
107
110
123
110
125
112
117
115
114
119
121
118
117
118
122
121
122
124
125
127
132
129
134
132
143
145
144
151
147
177
133
135
136
135
180
157
137
150
151
155
139
143
149
141
145
147
144
153
150
156
146
147
180
149
151
150
154
160
154
161
156
157
162
158
167
181
160
164
161
162
170
164
169
171
169
172
174
167
172
179
170
169
182
171
172
175
176
175
179
184
177
178
179
181
181
184
185
184
185
)


// ************************************************************************* //
