/*--------------------------------*- C++ -*----------------------------------*\
| =========                 |                                                 |
| \\      /  F ield         | foam-extend: Open Source CFD                    |
|  \\    /   O peration     | Version:     3.2                                |
|   \\  /    A nd           | Web:         http://www.foam-extend.org         |
|    \\/     M anipulation  | For copyright notice see file Copyright         |
\*---------------------------------------------------------------------------*/
FoamFile
{
    version     2.0;
    format      ascii;
    class       vectorField;
    location    "constant/polyMesh";
    object      points;
}
// * * * * * * * * * * * * * * * * * * * * * * * * * * * * * * * * * * * * * //


228
(
(0 0 0)
(1 0 0)
(0 1 0)
(1 1 0)
(0 2 0)
(1 2 0)
(2 1 0)
(2 2 0)
(0 1 0.2)
(1 1 0.2)
(1 2 0.2)
(0 2 0.2)
(2 2 0.2)
(2 1 0.2)
(0 0 0.2)
(1 0 0.2)
(0.2 0 0)
(0.4 0 0)
(0.6 0 0)
(0.8 0 0)
(0.2 1 0)
(0.4 1 0)
(0.6 1 0)
(0.8 1 0)
(0 0.2 0)
(0 0.4 0)
(0 0.6 0)
(0 0.8 0)
(1 0.2 0)
(1 0.4 0)
(1 0.6 0)
(1 0.8 0)
(0.2 2 0)
(0.4 2 0)
(0.6 2 0)
(0.8 2 0)
(0 1.2 0)
(0 1.4 0)
(0 1.6 0)
(0 1.8 0)
(1 1.2 0)
(1 1.4 0)
(1 1.6 0)
(1 1.8 0)
(2 1.2 0)
(2 1.4 0)
(2 1.6 0)
(2 1.8 0)
(1.2 1 0)
(1.4 1 0)
(1.6 1 0)
(1.8 1 0)
(1.2 2 0)
(1.4 2 0)
(1.6 2 0)
(1.8 2 0)
(0.2 1 0.2)
(0.4 1 0.2)
(0.6 1 0.2)
(0.8 1 0.2)
(1 1.2 0.2)
(1 1.4 0.2)
(1 1.6 0.2)
(1 1.8 0.2)
(0.8 2 0.2)
(0.6 2 0.2)
(0.4 2 0.2)
(0.2 2 0.2)
(0 1.8 0.2)
(0 1.6 0.2)
(0 1.4 0.2)
(0 1.2 0.2)
(1.2 2 0.2)
(1.4 2 0.2)
(1.6 2 0.2)
(1.8 2 0.2)
(2 1.8 0.2)
(2 1.6 0.2)
(2 1.4 0.2)
(2 1.2 0.2)
(1.8 1 0.2)
(1.6 1 0.2)
(1.4 1 0.2)
(1.2 1 0.2)
(0.2 0 0.2)
(0.4 0 0.2)
(0.6 0 0.2)
(0.8 0 0.2)
(1 0.2 0.2)
(1 0.4 0.2)
(1 0.6 0.2)
(1 0.8 0.2)
(0 0.8 0.2)
(0 0.6 0.2)
(0 0.4 0.2)
(0 0.2 0.2)
(0.653938 0.641209 0)
(0.700955 0.821689 0)
(0.316611 0.823663 0)
(0.363863 0.464588 0)
(0.817424 0.505682 0)
(0.520739 0.792766 0)
(0.204103 0.655325 0)
(0.443081 0.637309 0)
(0.323364 0.310229 0)
(0.810407 0.296276 0)
(0.842544 0.695359 0)
(0.8687 0.86341 0)
(0.132366 0.853863 0)
(0.599232 0.446305 0)
(0.65061 0.198285 0)
(0.846028 0.134218 0)
(0.437298 0.169848 0)
(0.230559 0.169693 0)
(0.46077 0.327874 0)
(0.153253 0.407772 0)
(0.10764 0.0924232 0)
(0.557811 1.57631 0)
(0.142502 1.50562 0)
(0.756209 1.82108 0)
(0.139645 1.28975 0)
(0.736254 1.58305 0)
(0.436616 1.74728 0)
(0.505269 1.21201 0)
(0.643298 1.38042 0)
(0.601392 1.72245 0)
(0.282438 1.63666 0)
(0.718187 1.17841 0)
(0.319881 1.39797 0)
(0.874529 1.66442 0)
(0.28022 1.16529 0)
(0.258149 1.83728 0)
(0.48272 1.43199 0)
(0.875749 1.15128 0)
(0.123973 1.13101 0)
(0.834127 1.34742 0)
(0.888982 1.51898 0)
(0.130515 1.71326 0)
(0.897572 1.9029 0)
(0.117733 1.87011 0)
(0.416598 1.5624 0)
(0.558843 1.85816 0)
(1.51297 1.59169 0)
(1.29659 1.17092 0)
(1.71807 1.86294 0)
(1.80231 1.2236 0)
(1.2949 1.59968 0)
(1.73921 1.65424 0)
(1.20841 1.36592 0)
(1.61794 1.20237 0)
(1.42527 1.3799 0)
(1.63779 1.42176 0)
(1.14727 1.70511 0)
(1.33615 1.76707 0)
(1.85815 1.41748 0)
(1.56178 1.80594 0)
(1.4648 1.16076 0)
(1.13367 1.54502 0)
(1.90058 1.1059 0)
(1.87621 1.81953 0)
(1.18057 1.8787 0)
(1.1175 1.18947 0)
(0.557811 1.57631 0.2)
(0.142502 1.50562 0.2)
(0.756209 1.82108 0.2)
(0.139645 1.28975 0.2)
(0.736254 1.58305 0.2)
(0.436616 1.74728 0.2)
(0.505269 1.21201 0.2)
(0.643298 1.38042 0.2)
(0.601392 1.72245 0.2)
(0.282438 1.63666 0.2)
(0.718187 1.17841 0.2)
(0.319881 1.39797 0.2)
(0.874529 1.66442 0.2)
(0.28022 1.16529 0.2)
(0.258149 1.83728 0.2)
(0.48272 1.43199 0.2)
(0.875749 1.15128 0.2)
(0.123973 1.13101 0.2)
(0.834127 1.34742 0.2)
(0.888982 1.51898 0.2)
(0.130515 1.71326 0.2)
(0.897572 1.9029 0.2)
(0.117733 1.87011 0.2)
(0.416598 1.5624 0.2)
(0.558843 1.85816 0.2)
(1.51297 1.59169 0.2)
(1.29659 1.17092 0.2)
(1.71807 1.86294 0.2)
(1.80231 1.2236 0.2)
(1.2949 1.59968 0.2)
(1.73921 1.65424 0.2)
(1.20841 1.36592 0.2)
(1.61794 1.20237 0.2)
(1.42527 1.3799 0.2)
(1.63779 1.42176 0.2)
(1.14727 1.70511 0.2)
(1.33615 1.76707 0.2)
(1.85815 1.41748 0.2)
(1.56178 1.80594 0.2)
(1.4648 1.16076 0.2)
(1.13367 1.54502 0.2)
(1.90058 1.1059 0.2)
(1.87621 1.81953 0.2)
(1.18057 1.8787 0.2)
(1.1175 1.18947 0.2)
(0.653938 0.641209 0.2)
(0.700955 0.821689 0.2)
(0.316611 0.823663 0.2)
(0.363863 0.464588 0.2)
(0.817424 0.505682 0.2)
(0.520739 0.792766 0.2)
(0.204103 0.655325 0.2)
(0.443081 0.637309 0.2)
(0.323364 0.310229 0.2)
(0.810407 0.296276 0.2)
(0.842544 0.695359 0.2)
(0.8687 0.86341 0.2)
(0.132366 0.853863 0.2)
(0.599232 0.446305 0.2)
(0.65061 0.198285 0.2)
(0.846028 0.134218 0.2)
(0.437298 0.169848 0.2)
(0.230559 0.169693 0.2)
(0.46077 0.327874 0.2)
(0.153253 0.407772 0.2)
(0.10764 0.0924232 0.2)
)


// ************************************************************************* //
